0099 2
0099 21
0099 68
0099 7
0099 10
0099 87
0099 20
0099 81
0099 25
0099 60
0099 34
0099 56
0099 46
0099 43
0099 99
0099 43
0099 38
0099 3
0099 41
0099 26
0099 32
0099 95
0099 7
0099 49
0099 31
0099 84
0099 69
0099 36
0099 24
0099 19
0099 63
0099 58
0099 6
0099 3
0099 48
0099 94
0099 70
0099 39
0099 21
0099 60
0099 6
0099 16
0099 55
0099 91
0099 94
0099 65
0099 40
0099 91
0099 0
0099 2
0099 90
0099 34
0099 19
0099 5
0099 79
0099 9
0099 49
0099 91
0099 94
0099 27
0099 85
0099 23
0099 88
0099 95
0099 14
0099 8
0099 80
0099 12
0099 77
0099 98
0099 21
0099 39
0099 65
0099 46
0099 70
0099 23
0099 12
0099 64
0099 91
0099 12
0099 42
0099 27
0099 21
0099 10
0099 9
0099 56
0099 28
0099 95
0099 79
0099 94
0099 10
0099 34
0099 99
0099 53
0099 19
0099 30
0099 8
0099 62
0099 94
0099 64
0099 91
0099 8
0099 12
0099 94
0099 35
0099 34
0099 63
0099 32
0099 28
0099 37
0099 18
0099 76
0099 96
0099 99
0099 22
0099 13
0099 7
0099 71
0099 87
0099 81
0099 90
0099 89
0099 2
0099 6
0099 24
0099 99
0099 53
0099 42
0099 24
0099 23
0099 22
0099 99
0099 33
0099 23
0099 10
0099 81
0099 4
0099 76
0099 38
0099 29
0099 43
0099 55
0099 16
0099 95
0099 7
0099 81
0099 44
0099 47
0099 56
0099 40
0099 40
0099 20
0099 99
0099 7
0099 28
0099 38
0099 16
0099 14
0099 88
0099 69
0099 47
0099 13
0099 86
0099 90
0099 89
0099 14
0099 60
0099 44
0099 60
0099 9
0099 35
0099 84
0099 90
0099 17
0099 24
0099 68
0099 60
0099 20
0099 29
0099 68
0099 32
0099 53
0099 49
0099 23
0099 12
0099 8
0099 20
0099 37
0099 78
0099 43
0099 43
0099 36
0099 94
0099 45
0099 26
0099 83
0099 41
0099 91
0099 21
0099 63
0099 23
0099 39
0099 17
0099 33
0099 86
0099 95
0099 23
0099 83
0099 41
0099 56
0099 69
0099 22
0099 41
0099 7
0099 6
0099 45
0099 74
0099 15
0099 55
0099 16
0099 78
0099 68
0099 9
0099 83
0099 93
0099 100
0099 17
0099 14
0099 22
0099 20
0099 48
0099 45
0099 39
0099 66
0099 96
0099 86
0099 30
0099 21
0099 4
0099 96
