0001 70
0002 14
0003 24
0004 45
0005 83
0006 32
0007 43
0008 4
0009 27
0010 95
0011 20
0012 22
0013 10
0014 94
0015 94
0016 30
0017 66
0018 80
0019 86
0020 22
0021 15
0022 87
0023 34
0024 92
0025 83
0026 12
0027 33
0028 68
0029 25
0030 16
0031 33
0032 99
0033 37
0034 57
0035 3
0036 89
0037 63
0038 94
0039 61
0040 20
0041 47
0042 26
0043 4
0044 92
0045 35
0046 95
0047 34
0048 48
0049 34
0050 26
0051 77
0052 5
0053 61
0054 31
0055 18
0056 13
0057 5
0058 94
0059 15
0060 91
0061 33
0062 7
0063 56
0064 58
0065 36
0066 45
0067 85
0068 96
0069 42
0070 20
0071 49
0072 81
0073 16
0074 65
0075 10
0076 79
0077 59
0078 23
0079 83
0080 73
0081 76
0082 85
0083 76
0084 50
0085 24
0086 2
0087 7
0088 89
0089 91
0090 9
0091 48
0092 97
0093 76
0094 35
0095 75
0096 12
0097 45
0098 22
0099 27
0099 62
0099 70
0099 18
0099 36
0099 26
0099 23
0099 6
0099 52
0099 39
0099 31
0099 90
0099 14
0099 87
0099 83
0099 39
0099 53
0099 24
0099 12
0099 61
0099 31
0099 12
0099 57
0099 67
0099 88
0099 70
0099 28
0099 6
0099 26
0099 17
0099 30
0099 89
0099 32
0099 50
0099 42
0099 80
0099 27
0099 52
0099 29
0099 72
0099 3
0099 62
0099 2
0099 37
0099 5
0099 47
0099 2
0099 16
0099 96
0099 8
0099 89
0099 76
0099 47
0099 21
0099 93
0099 28
0099 16
0099 90
0099 101
0099 34
0099 60
0099 60
0099 25
0099 65
0099 7
0099 53
0099 7
0099 0
0099 11
0099 42
0099 48
0099 99
0099 99
0099 97
0099 15
0099 8
0099 87
0099 87
0099 64
0099 2
0099 63
0099 43
0099 25
0099 64
0099 52
0099 91
0099 4
0099 87
0099 18
0099 46
0099 72
0099 96
0099 45
0099 0
0099 45
0099 27
0099 8
0099 61
0099 75
0099 63
0099 70
0099 70
0099 72
0099 6
0099 92
0099 36
0099 25
0099 44
0099 91
0099 92
0099 31
0099 32
0099 23
0099 1
0099 39
0099 8
0099 87
0099 49
0099 26
0099 43
0099 101
0099 83
0099 76
0099 32
0099 10
0099 14
0099 70
0099 0
0099 97
0099 43
0099 47
0099 0
0099 10
0099 91
0099 98
0099 93
0099 3
0099 100
0099 55
0099 16
0099 96
0099 40
0099 13
0099 60
0099 61
0099 9
0099 66
0099 31
0099 98
0099 36
0099 53
0099 82
0099 37
0099 22
0099 46
0099 50
0099 93
0099 59
0099 71
0099 95
0099 0
0099 30
0099 90
0099 1
0099 94
0099 57
0099 69
0099 56
0099 70
0099 2
0099 95
0099 70
0099 31
0099 11
0099 83
0099 17
0099 46
0099 4
0099 17
0099 33
0099 9
0099 55
0099 51
0099 90
0099 8
0099 94
0099 85
0099 67
0099 88
0099 39
0099 16
0099 53
0099 30
0099 16
0099 43
0099 83
0099 70
0099 59
0099 8
0099 52
0099 18
0099 97
0099 97
0099 23
0099 90
0099 34
0099 51
0099 84
0099 83
0099 67
0099 0
0099 86
0099 32
0099 58
0099 44
0099 18
0099 75
0099 5
0099 1
0099 77
0099 99
0099 80
0099 100
0099 72
0099 61
0099 48
0099 61
0099 84
0099 76
0099 30
0099 0
0099 71
0099 71
0099 75
0099 33
0099 8
0099 1
0099 75
0099 71
0099 75
0099 65
0099 32
0099 66
0099 10
0099 11
0099 101
0099 93
0099 28
0099 12
0099 27
0099 28
0099 78
0099 94
0099 56
0099 5
0099 67
0099 39
0099 90
0099 44
0099 85
0099 0
0099 20
0099 85
0099 73
0099 82
0099 61
0099 15
0099 68
0099 11
0099 80
0099 9
0099 39
0099 100
0099 24
0099 71
0099 61
0099 61
0099 15
0099 68
0099 63
0099 94
0099 35
0099 29
0099 65
0099 58
0099 9
0099 74
0099 76
0099 3
0099 11
0099 74
0099 54
0099 7
0099 100
0099 15
0099 50
0099 74
0099 43
0099 98
0099 30
0099 59
0099 44
0099 4
0099 19
0099 91
0099 25
0099 27
0099 34
0099 88
0099 62
0099 15
0099 67
0099 10
0099 8
0099 21
0099 92
0099 26
0099 47
0099 10
0099 95
0099 44
0099 8
0099 99
0099 75
0099 51
0099 7
0099 21
0099 16
0099 2
0099 58
0099 51
0099 40
0099 16
0099 12
0099 45
0099 74
0099 96
0099 85
0099 45
0099 99
0099 67
0099 35
0099 62
0099 94
0099 44
0099 31
0099 67
0099 30
0099 9
0099 10
0099 0
0099 84
0099 101
0099 53
0099 41
0099 33
0099 93
0099 91
0099 10
0099 26
0099 93
0099 84
0099 84
0099 13
0099 100
0099 18
0099 56
0099 2
0099 31
0099 97
0099 43
0099 47
0099 84
0099 93
0099 90
0099 23
0099 83
0099 47
0099 51
0099 55
0099 45
0099 33
0099 64
0099 71
0099 25
0099 83
0099 4
0099 76
0099 27
0099 76
0099 62
0099 57
0099 29
0099 4
0099 18
0099 58
0099 1
0099 89
0099 101
0099 64
0099 50
0099 89
0099 75
0099 74
0099 80
0099 79
0099 77
0099 16
0099 27
0099 76
0099 47
0099 27
0099 15
0099 9
0099 12
0099 62
0099 95
0099 69
0099 38
0099 91
0099 16
0099 0
0099 56
0099 8
0099 99
0099 45
0099 51
0099 72
0099 80
0099 85
0099 36
0099 2
0099 82
0099 41
0099 58
0099 15
0099 57
0099 3
0099 68
0099 12
0099 21
0099 56
0099 79
0099 69
0099 84
0099 85
0099 44
0099 54
0099 76
0099 79
0099 60
0099 19
0099 77
0099 70
0099 88
0099 28
0099 56
0099 22
0099 58
0099 18
0099 94
0099 57
0099 73
0099 47
0099 11
0099 76
0099 24
0099 61
0099 99
0099 47
0099 3
0099 83
0099 34
0099 30
0099 96
0099 76
0099 22
0099 93
0099 56
0099 87
0099 47
0099 71
0099 37
0099 26
0099 13
0099 15
0099 72
0099 95
0099 45
0099 59
0099 77
0099 18
0099 15
0099 98
0099 9
0099 69
0099 72
0099 66
0099 13
0099 39
0099 6
0099 45
0099 95
0099 30
0099 17
0099 27
0099 6
0099 27
0099 45
0099 45
0099 75
0099 61
0099 92
0099 70
0099 67
0099 34
0099 46
0099 66
0099 86
0099 85
0099 54
0099 60
0099 24
0099 36
0099 28
0099 35
0099 25
0099 30
0099 39
0099 54
0099 93
0099 3
0099 47
0099 24
0099 76
0099 34
0099 78
0099 38
0099 68
0099 69
0099 59
0099 100
0099 50
0099 65
0099 60
0099 34
0099 46
0099 36
0099 0
0099 24
0099 42
0099 88
0099 36
0099 29
0099 19
0099 100
0099 40
0099 45
0099 29
0099 70
0099 35
0099 1
0099 69
0099 56
0099 59
0099 27
0099 79
0099 45
0099 75
0099 52
0099 72
0099 66
0099 22
0099 1
0099 35
0099 39
0099 35
0099 52
0099 79
0099 15
0099 95
0099 90
0099 94
0099 72
0099 50
0099 71
0099 76
0099 98
0099 20
0099 81
0099 87
0099 26
0099 2
0099 41
0099 39
0099 69
0099 14
0099 76
0099 62
0099 35
0099 32
0099 85
0099 97
0099 17
0099 55
0099 45
0099 72
0099 66
0099 3
0099 99
0099 81
0099 81
0099 31
0099 54
0099 5
0099 38
0099 68
0099 93
0099 23
0099 100
0099 29
0099 45
0099 49
0099 52
0099 13
0099 11
0099 47
0099 96
0099 63
0099 76
0099 28
0099 58
0099 67
0099 2
0099 93
0099 79
0099 35
0099 72
0099 70
0099 66
0099 51
0099 8
0099 66
0099 86
0099 83
0099 68
0099 13
0099 91
0099 37
0099 57
0099 30
0099 14
0099 72
0099 70
0099 33
0099 31
0099 7
0099 82
0099 20
0099 65
0099 63
0099 2
0099 101
0099 68
0099 7
0099 10
0099 87
0099 20
0099 81
0099 25
0099 60
0099 34
0099 56
0099 46
0099 43
0099 99
0099 43
0099 38
0099 3
0099 41
0099 26
0099 32
0099 95
0099 7
0099 49
0099 31
0099 84
0099 69
0099 36
0099 24
0099 19
0099 63
0099 58
0099 6
0099 3
0099 48
0099 94
0099 70
0099 39
0099 21
0099 60
0099 6
0099 16
0099 55
0099 91
0099 94
0099 65
0099 40
0099 91
0099 0
0099 2
0099 90
0099 34
0099 19
0099 5
0099 79
0099 9
0099 49
0099 91
0099 94
0099 27
0099 85
0099 23
0099 88
0099 95
0099 14
0099 8
0099 80
0099 12
0099 77
0099 98
0099 21
0099 39
0099 65
0099 46
0099 70
0099 23
0099 12
0099 64
0099 91
0099 12
0099 42
0099 27
0099 21
0099 10
0099 9
0099 56
0099 28
0099 95
0099 79
0099 94
0099 10
0099 34
0099 99
0099 53
0099 19
0099 30
0099 8
0099 62
0099 94
0099 64
0099 91
0099 8
0099 12
0099 94
0099 35
0099 34
0099 63
0099 32
0099 28
0099 37
0099 18
0099 76
0099 96
0099 99
0099 22
0099 13
0099 7
0099 71
0099 87
0099 81
0099 90
0099 89
0099 2
0099 6
0099 24
0099 99
0099 53
0099 42
0099 24
0099 23
0099 22
0099 99
0099 33
0099 23
0099 10
0099 81
0099 4
0099 76
0099 38
0099 29
0099 43
0099 55
0099 16
0099 95
0099 7
0099 81
0099 44
0099 47
0099 56
0099 40
0099 40
0099 20
0099 99
0099 7
0099 28
0099 38
0099 16
0099 14
0099 88
0099 69
0099 47
0099 13
0099 86
0099 90
0099 89
0099 14
0099 60
0099 44
0099 60
0099 9
0099 35
0099 84
0099 90
0099 17
0099 24
0099 68
0099 60
0099 20
0099 29
0099 68
0099 32
0099 53
0099 49
0099 23
0099 12
0099 8
0099 20
0099 37
0099 78
0099 43
0099 43
0099 36
0099 94
0099 45
0099 26
0099 83
0099 41
0099 91
0099 21
0099 63
0099 23
0099 39
0099 17
0099 33
0099 86
0099 95
0099 23
0099 83
0099 41
0099 56
0099 69
0099 101
0099 41
0099 7
0099 6
0099 45
0099 74
0099 15
0099 55
0099 16
0099 78
0099 68
0099 9
0099 83
0099 93
0099 100
0099 17
0099 14
0099 22
0099 20
0099 48
0099 45
0099 39
0099 66
0099 96
0099 86
0099 30
0099 21
0099 4
0099 96
